PARAMFILE HISTORY (optional)
#
# This paramfile was written by bayes_gmm 1.0 using the following line from
# control.dat, which was read as char*, char*
# ---------------------------------------------------------------------------
#           sdf.param                 sdf
# ---------------------------------------------------------------------------
#
ESTIMATION DESCRIPTION (required)
         sdf   Project name, project_name, char*
         1.0   bayes_gmm version, version, float
           1   Proposal type, 0 group_move, 1 cond_move, 2 usr, proposaltype, int
           1   Write detailed output if ask_print=1, ask_print, int
    17411332   Seed for MCMC draws, iseed, int
        5000   Number of MCMC draws per output file, num_mcmc_draws, int
           9   Number of MCMC output files beyond the first, num_mcmc_files, int
         1.0   Rescale prop scale block by this, proposal_scale_factor, float
         1.0   Rescale posterior by this val, temperature, float
           1   Sandwich variance not computed if no_sandwich=1, no_sandwich, int
           0   Number of lags in HAC middle of sandwich variance, lag_hac, int
          20   The thinning parameter used to write MCMC draws, thin, int
           0   Draw from prior if draw_from_prior=1, draw_from_prior, int
DATA DESCRIPTION (required) (model constructor sees realmat data(M,sample_size))
          10   Dimension of the data, M, int
         202   Number of observations, sample_size, int
data.dat       File name, any length, no embedded blanks, datafilename, string
1:10           Read these white space separated var_cols, var_cols, intvec
MODEL DESCRIPTION (required)
          10   Number of model parameters, len_model_param, int
           1   Number of model functionals, len_model_func, int
MODEL PARAMFILE (required) (goes to usermodel as model_addlines)
__none__       File name, use __none__ if none, model_paramfile, string
#begin additional lines
           1   Number of observable risk factors, numb_obs_factor, int
           1   Lags for observable risk factors, lag_obs_factor, int
           8   Number of log returns, numb_returns, int
           0   Lags for HAC variance estimator (GMM objfun), lag_hac_gmm, int
        1000   Number of particles, N, int
           2   Simulation size, len_simul, int
          30   Draws between particle filter updates, particle_update, int
#end additional lines
PARAMETER START VALUES (required)
  -9.86140997897107074e-01    1         1  A11
   7.02290873690121498e-02    1         2  C11
   8.42002789471298141e-01    1         3  rho
   5.18911816179752627e-03    1         4  sigma
  -3.51032897395780275e+00    1         5  l_01
   2.46844736907630979e+00    1         6  l_02
   5.99999999999999978e-01    0         7  l_y1
  -1.00000000000000006e-01    0         8  l_y2
   0.00000000000000000e+00    0         9  l_x1
   4.00000000000000022e-01    0        10  l_x2
PROPOSAL SCALING (required)
   5.76437511465197727e-01              1  A11
   9.46968645390960373e-01              2  C11
   5.92529867601860660e-01              3  rho
   8.60606690939201002e-02              4  sigma
   9.96060907721906474e+00              5  l_01
   5.69111221252341615e+00              6  l_02
   0.00000000000000000e+00              7  l_y1
   0.00000000000000000e+00              8  l_y2
   0.00000000000000000e+00              9  l_x1
   0.00000000000000000e+00             10  l_x2
PROPOSAL GROUPING (optional) (frequencies are relative)
 1.0 1 2 3 4 5 6 7 8 9 10 
  1    1.00000000000000000e+00    5.45636386506765242e-02   -1.41204201444355033e-02   -6.20809109533195028e-02    6.64222882528274217e-02    7.17498578873421444e-02    0.00000000000000000e+00    0.00000000000000000e+00    0.00000000000000000e+00    0.00000000000000000e+00 
  2    5.45636386506765242e-02    1.00000000000000000e+00    7.02908364065230606e-02   -3.57392928907702356e-01    5.62383499854786750e-01    2.69031059697762365e-01    0.00000000000000000e+00    0.00000000000000000e+00    0.00000000000000000e+00    0.00000000000000000e+00 
  3   -1.41204201444355033e-02    7.02908364065230606e-02    1.00000000000000000e+00   -9.58949732884281508e-02    5.34076906590921635e-02    2.30775723732114246e-03    0.00000000000000000e+00    0.00000000000000000e+00    0.00000000000000000e+00    0.00000000000000000e+00 
  4   -6.20809109533195028e-02   -3.57392928907702356e-01   -9.58949732884281508e-02    1.00000000000000000e+00   -2.86761695214200474e-01   -2.74535498934577238e-01    0.00000000000000000e+00    0.00000000000000000e+00    0.00000000000000000e+00    0.00000000000000000e+00 
  5    6.64222882528274217e-02    5.62383499854786750e-01    5.34076906590921635e-02   -2.86761695214200474e-01    1.00000000000000000e+00    1.46261954556773044e-01    0.00000000000000000e+00    0.00000000000000000e+00    0.00000000000000000e+00    0.00000000000000000e+00 
  6    7.17498578873421444e-02    2.69031059697762365e-01    2.30775723732114246e-03   -2.74535498934577238e-01    1.46261954556773044e-01    1.00000000000000000e+00    0.00000000000000000e+00    0.00000000000000000e+00    0.00000000000000000e+00    0.00000000000000000e+00 
  7    0.00000000000000000e+00    0.00000000000000000e+00    0.00000000000000000e+00    0.00000000000000000e+00    0.00000000000000000e+00    0.00000000000000000e+00    0.00000000000000000e+00    0.00000000000000000e+00    0.00000000000000000e+00    0.00000000000000000e+00 
  8    0.00000000000000000e+00    0.00000000000000000e+00    0.00000000000000000e+00    0.00000000000000000e+00    0.00000000000000000e+00    0.00000000000000000e+00    0.00000000000000000e+00    0.00000000000000000e+00    0.00000000000000000e+00    0.00000000000000000e+00 
  9    0.00000000000000000e+00    0.00000000000000000e+00    0.00000000000000000e+00    0.00000000000000000e+00    0.00000000000000000e+00    0.00000000000000000e+00    0.00000000000000000e+00    0.00000000000000000e+00    0.00000000000000000e+00    0.00000000000000000e+00 
  10    0.00000000000000000e+00    0.00000000000000000e+00    0.00000000000000000e+00    0.00000000000000000e+00    0.00000000000000000e+00    0.00000000000000000e+00    0.00000000000000000e+00    0.00000000000000000e+00    0.00000000000000000e+00    0.00000000000000000e+00 
